uniqueID	PC1	PC2	PC3	PC4	PC5	PC6	PC7	PC8	area	Shell_Mass
2	3.087441e-02	2.172157e-02	-1.190861e-02	1.638821e-02	-1.263392e-02	-5.253686e-04	-1.587853e-02	2.983107e-03	80.9384898378	156.8
3	2.464533e-02	1.199337e-02	-2.292291e-02	-7.091598e-05	3.713855e-03	-9.363168e-03	8.059756e-03	4.192401e-03	73.3343553054	132.1
4	1.951422e-02	-1.155459e-02	-1.171952e-02	2.061686e-02	1.058756e-02	-7.508303e-03	-8.656723e-03	-8.295967e-03	60.320626893	135.0
5	1.310094e-02	-1.654742e-02	-8.249094e-03	-6.457542e-03	2.275735e-03	-8.385636e-04	-2.576789e-03	-1.056827e-03	71.5886647398	114.8
6	4.166612e-02	1.584280e-03	-1.781341e-02	-3.361526e-03	7.384990e-03	6.954433e-03	2.951498e-03	-2.027369e-03	74.6469128475	128.6
7	-1.984469e-02	-1.261457e-02	-1.424715e-02	-1.381838e-03	2.571714e-03	-4.282264e-03	-5.058473e-03	-1.253163e-03	73.5208205284	151.0
8	-6.005307e-03	1.198051e-02	3.351027e-02	6.984371e-04	-4.919245e-03	-1.160202e-02	-1.980151e-03	-2.830826e-03	68.0045230996	120.0
9	8.565410e-03	-3.901234e-03	-1.437213e-02	6.140391e-03	-4.474514e-03	7.640778e-03	-1.150283e-03	2.308567e-03	76.1663466772	103.9
10	1.898083e-02	1.913818e-04	-1.729882e-03	5.861694e-03	-1.142469e-03	5.324446e-03	-5.212646e-03	4.272733e-03	92.6280116824	174.7
11	5.891167e-02	1.078830e-02	-1.931421e-02	6.665727e-03	7.764002e-03	8.395998e-03	2.281769e-03	5.019005e-03	84.4242306784	181.0
12	6.052489e-03	-8.951492e-03	3.250951e-03	-7.514023e-03	-6.922377e-03	4.067936e-07	4.067533e-03	3.606956e-03	97.5552179688	201.1
13	-6.594935e-02	-4.747994e-03	-2.264759e-02	4.326027e-04	-9.503095e-03	9.935430e-03	1.299181e-02	2.160772e-03	105.5046917052	200.3
14	-2.192546e-02	3.234328e-02	-2.752864e-02	-8.723016e-03	-8.886237e-03	5.188211e-03	1.072521e-02	2.086408e-02	92.9652042168	191.3
15	-1.824357e-02	-5.271073e-03	-1.719155e-03	-7.809966e-03	-9.878696e-03	-3.287779e-03	5.283196e-04	-3.839300e-03	83.9371884768	214.4
18	3.883639e-02	5.284069e-02	-1.218396e-02	-8.076323e-02	5.777434e-03	4.655208e-03	-8.033742e-03	-1.185753e-02	79.2415080108	159.5
19	5.811578e-02	-2.086055e-02	1.081942e-02	-1.737640e-03	3.362107e-03	9.862030e-03	2.003181e-03	-2.229149e-03	73.6565686436	131.0
20	2.205038e-02	-1.578555e-02	-4.682829e-03	3.781698e-04	-5.805501e-03	2.734115e-03	-4.596396e-05	-1.142596e-03	81.1372248252	144.6
21	3.689112e-02	8.516821e-02	-5.670026e-03	-7.115256e-02	-7.630393e-03	1.454759e-02	8.926765e-04	2.163461e-03	82.9696728695	295.4
22	1.641949e-03	7.391916e-04	-2.499401e-02	6.030574e-03	8.167468e-03	-6.299975e-03	4.445692e-04	-3.846760e-04	85.2949162835	241.1
23	4.159481e-02	2.621447e-02	-2.183616e-02	2.056036e-02	2.509896e-03	-5.317152e-03	4.295164e-03	8.091318e-04	82.782446422	149.0
24	-1.923070e-02	1.208152e-02	-1.075755e-02	2.129851e-02	9.278167e-03	-3.306624e-03	2.489946e-03	-5.398695e-03	82.489105335	176.2
25	-7.211119e-03	1.762251e-02	9.549437e-03	1.455387e-02	-8.885498e-03	-7.278960e-03	-1.205344e-03	-3.580223e-03	65.591865248	125.5
26	-4.772522e-03	-1.319371e-02	-9.638391e-03	-2.974606e-03	8.737004e-03	-3.863034e-03	-4.446341e-03	5.925990e-04	73.2730561108	130.7
27	-1.129883e-03	-9.388738e-03	5.614066e-03	-4.628436e-04	4.378869e-03	-1.769873e-03	-3.259395e-03	-1.237308e-03	77.8297009126	171.5
28	4.306488e-02	-2.048075e-02	-4.445845e-03	-1.947467e-03	1.118724e-02	2.630373e-03	6.275148e-03	-2.953419e-03	72.0737097262	120.6
29	1.311131e-02	-2.289162e-02	-1.702749e-03	-1.359296e-03	-6.414815e-03	1.402341e-02	-2.482781e-03	4.017069e-03	70.937379744	142.1
30	1.445742e-03	-1.722431e-03	-5.608155e-03	-1.461299e-03	5.545041e-03	-4.234058e-03	-3.183058e-03	3.143492e-03	83.3734317504	144.5
31	5.705688e-02	-1.845699e-02	8.072499e-04	-6.138090e-03	1.047156e-02	9.445189e-03	2.312881e-03	-1.715823e-03	73.4540100096	150.8
32	2.060152e-02	-1.505785e-02	2.943839e-03	-3.883860e-03	2.818292e-03	6.231115e-03	-3.025393e-03	1.905734e-04	70.7304986784	129.8
33	-5.757792e-03	-5.742042e-03	3.029557e-02	-7.007325e-03	-1.761669e-02	-2.589540e-03	6.764856e-03	-2.784989e-03	68.1653183904	195.1
34	-3.469634e-02	1.624909e-02	1.470421e-02	6.022873e-03	-2.396142e-03	-1.513412e-03	1.105496e-03	-1.245222e-03	82.0041318824	177.5
35	1.754511e-02	-2.447966e-02	-4.571247e-03	-8.658547e-03	-1.259902e-03	5.869527e-04	6.591864e-03	-3.353993e-03	79.4493610456	139.4
36	2.068223e-02	9.470624e-03	-1.407120e-02	-8.108055e-03	1.797867e-03	-7.048576e-03	8.751790e-03	1.066931e-02	61.811340682	135.1
37	-2.958739e-02	4.219773e-03	-7.407106e-04	2.578418e-03	5.461607e-03	-2.537600e-03	3.398672e-03	-4.728163e-04	67.1798699208	139.3
38	3.649331e-02	2.383592e-02	-1.362983e-02	2.427139e-02	-5.592595e-03	4.605421e-03	-3.259702e-03	8.883039e-04	64.320618544	89.5
39	1.200310e-02	-1.809464e-03	-9.808554e-03	3.609805e-03	-2.092377e-03	-9.796012e-04	3.280344e-03	-1.740549e-03	66.7713194091	125.2
40	4.502874e-02	1.017755e-02	1.274241e-02	1.465617e-02	-4.619460e-03	-3.075544e-03	-2.638943e-03	3.906795e-03	64.4642383329	131.2
41	4.840413e-04	-4.646576e-03	-1.089350e-02	8.605888e-04	-8.910998e-03	-3.755752e-03	1.922613e-04	-3.075672e-03	80.6893116516	159.6
42	-3.250176e-03	-1.917558e-02	-9.880153e-03	-1.273966e-03	1.383642e-03	1.735685e-03	-1.061900e-02	-3.905494e-04	83.9443696686	204.1
43	1.689916e-02	-2.729632e-02	1.626430e-02	-1.688373e-02	-7.292668e-03	9.158306e-03	6.296324e-03	-2.932417e-03	73.2973313979	123.3
44	-2.407155e-02	3.517965e-03	1.436550e-04	1.522587e-03	-2.242320e-03	2.394134e-03	-6.494764e-03	1.171257e-03	76.0020194304	150.6
45	-5.183927e-02	-8.432740e-03	-3.202000e-02	7.360868e-03	-8.883050e-04	1.188328e-02	5.186347e-03	-5.949909e-03	83.972107072	127.8
46	-7.541839e-03	2.099992e-02	1.086904e-02	1.587368e-02	-5.404787e-03	-6.345152e-04	-5.224838e-03	-1.078646e-03	61.7092161056	107.7
47	4.603444e-03	-2.128390e-02	1.757359e-02	-1.108105e-02	-4.272816e-03	3.885229e-04	-8.481817e-05	-3.171183e-03	76.9713155456	135.7
48	2.791716e-02	-2.300820e-02	-2.721789e-03	-5.465694e-03	-8.784497e-03	3.425377e-03	2.953553e-03	-5.420662e-03	71.2723864944	140.0
49	1.744445e-02	-9.341828e-03	3.966895e-04	-1.336691e-03	-9.742744e-03	6.786110e-03	3.611323e-04	-1.445496e-03	93.1394930274	181.4
50	-2.029991e-02	5.742831e-03	6.946090e-03	1.798029e-03	-7.551755e-04	5.463504e-03	-1.237646e-02	-1.381313e-04	69.2056086815	125.9
51	1.259054e-02	3.248624e-03	2.046735e-02	7.021826e-03	-2.438624e-03	6.023520e-03	-4.232232e-03	3.878025e-03	68.6760054015	131.2
52	9.367613e-03	-1.837631e-02	3.243776e-02	-1.036426e-03	2.725361e-03	4.622234e-05	-3.263067e-03	2.827935e-03	66.854747132	103.8
53	4.934871e-03	-2.220932e-02	-3.553399e-03	4.265241e-04	-1.078106e-02	1.494453e-03	4.216689e-03	-4.165724e-03	76.9584026795	134.2
54	2.000655e-02	-1.079960e-02	1.745600e-03	-1.883476e-04	6.669574e-03	7.187642e-04	1.997509e-03	-2.863973e-03	65.663609316	140.2
55	-1.466376e-02	2.593393e-02	5.594879e-04	4.078442e-02	-1.194860e-03	-8.931121e-03	9.480289e-03	-1.121404e-02	58.697732782	139.0
56	1.390280e-03	-4.696456e-03	2.443701e-02	-5.421809e-03	-5.396181e-03	2.230148e-04	-4.185091e-03	6.419889e-04	86.480965376	175.5
57	-3.153806e-02	-5.836768e-03	4.882388e-03	-3.100110e-03	1.926400e-03	5.382853e-03	-4.149656e-03	1.018566e-03	80.9679458848	146.1
58	1.641140e-03	-1.685370e-02	-2.715534e-02	3.124635e-03	-8.802431e-03	9.960113e-03	-6.022627e-03	1.958730e-03	74.2638243984	116.6
59	1.391899e-02	3.399995e-03	-7.624642e-03	3.627234e-03	-3.894861e-03	3.195041e-03	2.583542e-03	-1.002837e-03	69.7458758048	192.0
60	-6.687451e-03	-4.178725e-03	5.031394e-03	-6.286334e-03	4.227260e-03	-4.788740e-03	5.019979e-03	2.242075e-03	87.5484825488	185.0
61	-4.435628e-02	-8.210552e-03	5.926626e-03	-3.144785e-03	4.861078e-03	-4.021804e-03	3.410186e-04	1.075054e-04	80.4924807467	144
62	-1.437669e-02	-3.568139e-02	1.097513e-02	-1.538967e-02	4.629529e-03	-5.068536e-03	-2.131667e-03	2.930266e-03	75.7869282722	131.1
63	4.116344e-03	-2.696379e-02	-1.407441e-02	-9.866827e-03	6.047238e-03	-5.682960e-03	2.440460e-03	2.288406e-04	75.7311508665	127.6
64	-1.962520e-02	-1.903147e-02	-4.728003e-03	2.195154e-03	5.378334e-04	6.210899e-03	-7.882955e-03	6.758693e-04	79.1161643793	149.9
65	1.120501e-02	-1.334891e-02	1.447444e-02	-1.517217e-02	1.437030e-02	5.799777e-03	-1.778650e-03	-3.820927e-03	69.2609718053	154.1
66	-2.066026e-02	-2.620089e-02	-1.863783e-02	6.131348e-04	-2.940670e-03	4.034321e-03	-1.211412e-02	-4.795636e-04	82.695555882	159.3
67	-1.372352e-02	6.808294e-03	1.239399e-02	-9.423683e-04	2.362810e-04	1.839970e-03	-4.269109e-03	4.339630e-03	73.849090959	130.3
68	1.704325e-02	-1.978016e-02	8.180116e-04	-3.896556e-03	1.471591e-02	1.252584e-03	-8.575195e-03	4.630038e-03	66.0411055305	103.0
69	-3.033382e-02	1.551297e-02	-1.931068e-04	-2.333148e-02	4.995890e-03	3.879784e-03	-2.659944e-03	-2.441357e-03	80.0497278585	135.2
70	-3.140154e-02	-1.419843e-02	-7.668531e-03	1.672284e-02	2.219549e-02	7.445380e-03	1.546893e-03	7.781153e-05	79.3659465675	135.7
71	-8.888262e-03	-3.566072e-03	-9.811093e-03	1.835982e-03	-6.341914e-03	-4.133001e-03	6.179767e-03	-2.145033e-03	72.2680759248	130.9
72	-1.626316e-02	1.395522e-02	-1.069882e-02	1.042316e-02	2.678553e-03	-4.141360e-03	4.187193e-03	-1.767992e-03	67.9153860189	114.8
73	1.310037e-02	2.264686e-02	-2.674075e-02	-2.106356e-02	7.224187e-03	-1.107352e-02	9.289854e-03	1.145630e-02	77.7855551667	144.2
74	5.397731e-04	-3.869514e-03	-2.445841e-02	2.172992e-03	-2.507276e-03	-3.049804e-03	-3.901505e-03	-3.688666e-03	69.5691738048	129.4
75	-2.996101e-02	-9.774065e-03	-6.494157e-03	-5.832311e-03	2.599946e-03	-2.961542e-03	-1.514774e-03	-2.306072e-03	83.3513305518	158.9
76	-5.294263e-02	-3.615443e-02	-3.189508e-02	-1.614206e-02	-3.017922e-02	-1.686627e-03	9.777763e-03	1.030036e-03	70.701653568	154.7
77	-8.602985e-03	-1.822928e-02	-8.990440e-03	-3.010641e-03	6.242251e-03	-7.296254e-03	-3.963286e-03	-1.168646e-03	91.725499428	243.7
78	-6.456203e-03	1.495286e-02	1.825681e-02	3.492389e-04	4.815615e-03	-7.533934e-03	-8.486122e-03	1.250264e-03	70.44928944	126.8
79	-6.395730e-02	2.202986e-02	3.002119e-04	-2.361302e-03	1.169358e-03	1.444945e-02	5.493257e-03	-5.199327e-03	76.447899696	163.8
80	-1.737467e-02	1.094251e-02	1.177375e-02	2.530152e-03	3.229806e-03	5.971678e-03	-5.936029e-03	-2.555877e-03	71.736630048	130.7
81	-1.887572e-02	1.915340e-02	1.197963e-02	5.936174e-03	-5.775410e-03	9.521836e-04	-2.051615e-03	1.095739e-03	71.032524198	106.5
82	6.194000e-03	-1.864198e-02	-1.537589e-03	-6.821531e-03	-1.380683e-02	9.965654e-04	-9.330086e-05	6.167051e-03	84.2208214534	159.9
83	4.333831e-03	-1.331506e-03	-2.077588e-02	1.059357e-02	-4.325237e-03	5.291092e-03	-3.851865e-03	-9.623807e-04	74.1899997964	113.6
84	-2.700364e-02	-6.011806e-03	-1.375770e-02	-1.359023e-02	4.697583e-03	-8.439624e-03	2.352805e-04	8.925051e-03	58.8407251026	159.8
85	2.292937e-02	-2.484823e-02	1.265586e-02	-5.319938e-03	1.126368e-02	9.543767e-04	-5.968999e-03	-8.647043e-04	88.1505831258	160.9
86	-1.004935e-03	-2.001697e-02	-5.255583e-03	-6.131972e-03	2.592652e-03	1.251611e-03	1.219949e-03	1.421138e-03	76.7241942252	124.4
87	-2.337278e-02	7.123412e-03	-6.026029e-04	6.768871e-03	-1.471733e-02	5.283160e-03	4.030314e-03	-2.696809e-03	68.6471404884	145.1
88	-2.907985e-02	-1.803113e-02	1.106197e-03	-9.297581e-03	2.171560e-03	-4.305726e-03	-5.880443e-04	1.174511e-02	82.9736608932	181.0
89	-1.550590e-03	4.130136e-02	-1.592482e-02	-1.071911e-02	5.149287e-03	-5.056489e-03	-2.869256e-03	-2.040710e-03	68.236075512	141.3
90	-2.221741e-02	1.723850e-02	4.680100e-03	3.320842e-03	7.490479e-03	-3.078606e-03	-2.992602e-03	-3.859046e-04	87.2552028384	155.3
91	-5.583030e-03	-2.638868e-03	-7.962222e-03	7.920687e-04	8.641059e-04	-3.145694e-03	-2.465824e-03	-6.185630e-05	83.994971811	151.9
92	3.160177e-05	-2.602175e-02	1.472055e-02	-2.081621e-02	1.762069e-03	-3.715358e-03	1.241690e-02	-5.604651e-03	76.859006562	137.1
93	4.876455e-02	-2.293430e-02	1.167723e-02	-5.202676e-04	2.489150e-03	9.425967e-03	6.076552e-03	-8.134176e-03	72.249963295	123.1
94	-3.200378e-02	-8.497705e-03	-1.232554e-02	2.683989e-03	9.115054e-03	-1.633876e-04	5.814138e-03	-1.577566e-03	83.6335269065	177.1
95	1.161909e-02	-5.287594e-03	5.341599e-03	2.666371e-03	-6.183883e-03	5.921618e-03	-2.923331e-03	1.636869e-03	75.4760098175	134.7
96	-1.362746e-02	2.297568e-02	-7.326724e-03	1.410522e-02	-7.202978e-03	3.484606e-03	-1.823079e-04	-1.238699e-03	79.1166394793	130.0
97	-4.718484e-02	-2.756598e-02	-9.026341e-03	-1.027182e-02	-1.118398e-02	1.323040e-02	6.796785e-04	2.017712e-03	66.7624689569	104.3
98	-1.486339e-03	2.946321e-03	-8.532468e-03	-3.627753e-02	-9.208750e-04	3.911747e-03	-2.616677e-04	1.312801e-02	66.1002831433	147.2
99	-4.609607e-02	6.157765e-03	-1.230993e-02	1.109440e-03	4.826899e-04	1.697041e-03	6.583972e-03	-5.189215e-04	70.0183342904	183.6
100	-1.395540e-02	-3.122639e-03	6.064316e-04	-4.801191e-03	-3.550856e-03	-2.286084e-03	-3.648432e-03	3.946089e-03	79.6981835656	114.7
101	4.419609e-03	-2.986324e-02	1.352947e-02	-3.829519e-03	-2.278785e-02	3.843464e-04	-3.048320e-03	5.719614e-04	76.5460412578	150.4
102	2.460777e-02	-8.930438e-03	9.102333e-03	-5.513376e-03	-8.895495e-03	3.152415e-03	5.388870e-04	1.107756e-03	63.8907300579	112.1
103	-6.227460e-04	1.368290e-02	-9.390491e-03	1.368042e-02	-2.588741e-04	-8.713984e-03	3.671547e-03	-6.326051e-05	72.1696973048	125.2
104	-3.401036e-02	8.250167e-02	-2.172440e-02	-7.622318e-02	5.677787e-03	7.512031e-03	-5.248487e-03	-1.367246e-02	79.6784704704	184.0
105	-1.035996e-02	1.125575e-02	3.936136e-03	-2.336723e-02	5.296955e-03	-1.013845e-03	-8.018299e-03	-1.130754e-02	78.8930635524	169.2
106	2.242503e-02	3.146093e-03	-2.448744e-02	4.943890e-03	6.447869e-03	-4.354507e-03	3.610234e-03	8.852409e-04	71.2024120665	140.2
108	1.746862e-02	-3.828674e-03	-3.903963e-03	4.682872e-04	-5.941890e-03	2.327888e-04	1.797311e-03	-3.066929e-03	81.5928773	234.2
109	1.430322e-02	-6.281592e-03	-5.620278e-03	4.075254e-03	9.600656e-04	-2.773674e-03	3.146065e-04	1.228683e-03	71.902745002	139.2
110	5.208899e-06	6.793186e-04	-1.059860e-02	-7.551517e-03	-1.030809e-03	-3.034149e-03	-3.751031e-03	-3.865402e-03	83.847173971	156.4
111	1.679851e-02	-1.176686e-02	-1.444833e-02	-1.317531e-03	8.573305e-03	9.004203e-03	-7.716497e-03	1.916687e-03	70.5031461695	126.6
113	-1.400031e-02	-1.372379e-02	1.435470e-02	-1.935273e-02	9.016508e-04	-9.606488e-04	-7.256131e-03	-9.274161e-04	79.5055205097	154.1
114	4.403472e-04	4.154777e-03	-1.924243e-02	4.324089e-03	2.814160e-03	-3.240682e-03	-3.688259e-03	1.866362e-03	71.1322801597	136.2
115	-1.932754e-02	-8.240550e-03	-1.106882e-02	7.996996e-03	7.592023e-03	-1.854687e-03	-9.513558e-05	-2.666250e-04	80.222768715	138.6
116	9.908931e-03	2.900815e-02	1.116854e-04	-2.497811e-02	3.068682e-03	-3.828032e-03	1.363658e-06	-4.368142e-03	67.3995965041	111.5
117	-8.097470e-04	-4.678694e-03	7.228174e-03	1.644968e-03	-4.292604e-03	-3.024233e-03	-9.131011e-04	4.025166e-04	78.4276885072	138.7
118	-4.531064e-02	3.720643e-02	4.496786e-02	-1.368713e-03	-1.662436e-02	-5.450738e-04	2.679415e-03	-4.773536e-03	80.1229671333	154.8
119	-5.516746e-03	3.172541e-02	1.639830e-02	2.966273e-02	-2.471877e-03	2.512554e-02	-3.776477e-03	3.821539e-03	67.6395038085	103.6
120	-2.125377e-02	-1.607257e-03	-4.266079e-03	-9.656767e-03	2.453342e-03	-1.223071e-03	-3.597325e-03	-1.909484e-03	72.3929921364	151.6
121	2.686572e-02	2.627710e-02	-1.142751e-02	3.286775e-03	-1.274532e-03	4.459377e-03	-5.739236e-03	5.997749e-03	75.1596667224	157.3
122	3.373501e-02	-1.562980e-02	4.657168e-02	3.680508e-02	3.551221e-02	2.155993e-02	1.645329e-02	1.213227e-03	74.2766779053	138.5
123	-3.182265e-02	-1.042909e-02	1.757679e-02	-8.371110e-03	9.063502e-03	-7.546390e-03	-1.093988e-04	1.613080e-04	80.928904694	140.6
124	-2.555454e-02	2.048725e-03	9.631277e-03	-1.475923e-03	6.309347e-04	-5.658663e-03	2.580830e-03	4.245275e-04	82.04006319	NA
125	6.626943e-04	2.883742e-02	-1.593955e-03	-2.444940e-02	-5.601643e-03	-8.466923e-03	5.677125e-03	1.001085e-02	75.193115876	NA
126	1.161530e-02	9.079060e-03	-3.932250e-03	1.338757e-02	-7.899050e-03	4.316571e-03	-1.063378e-02	-1.228511e-04	67.4104001985	198.9
129	3.768938e-02	1.015325e-02	-1.686517e-02	2.781003e-02	-1.531454e-02	5.122827e-04	-5.418264e-03	-4.182432e-03	67.887673953	124.1
130	-3.257408e-02	-1.819915e-02	-8.854639e-03	-1.903888e-03	-6.692003e-03	1.418796e-03	-2.415741e-03	-8.236719e-04	76.68154746	124.5
131	1.527799e-02	7.207299e-03	3.001653e-03	-1.038547e-02	6.879136e-04	5.855575e-03	-3.581796e-03	-4.564669e-03	69.0826575915	121.6
132	-3.523445e-02	2.446305e-03	6.829535e-04	2.233213e-02	7.491779e-03	1.098838e-02	1.094609e-02	-4.912317e-03	87.187786161	143.9
133	2.713777e-02	-7.891712e-03	-5.010881e-03	-7.861202e-04	2.751213e-03	-8.980488e-03	2.442159e-03	1.340346e-03	67.1446618395	131.1
134	-3.225610e-02	-2.855586e-03	8.549555e-04	1.594537e-03	7.416793e-04	-4.843166e-03	3.184720e-03	2.607421e-03	79.9760691975	154.1
135	1.510377e-02	9.175713e-03	6.087685e-03	1.930433e-02	-8.575988e-03	1.507174e-03	-4.913219e-03	1.380861e-03	64.1301060372	123.3
136	-2.292871e-02	4.763687e-03	-1.102620e-02	6.098714e-03	1.159956e-02	3.535375e-03	-9.116514e-03	2.230134e-03	94.1328597258	186.8
138	-3.055023e-02	-2.100420e-02	-3.152400e-04	-1.133548e-02	9.402777e-03	1.803136e-03	-3.010146e-03	1.960158e-04	80.2967701354	140.2
139	4.108448e-02	1.889792e-03	1.895839e-02	2.085676e-03	-1.257102e-02	1.057146e-02	-9.186113e-03	4.258044e-03	60.5589791632	92.7
140	-3.299021e-02	1.916861e-02	-1.846353e-02	1.060154e-02	7.630126e-03	9.192022e-04	1.310951e-02	3.793257e-04	82.9900978074	169.9
141	1.023265e-02	-8.151773e-03	-1.391303e-02	-1.260054e-02	6.865246e-03	-5.589700e-03	1.659153e-03	1.601561e-02	78.605768238	152.5
142	1.451255e-02	-2.355055e-02	8.577517e-03	-1.301573e-03	7.042846e-03	2.112628e-03	-7.488043e-03	7.947193e-03	58.80494394	121
143	-1.572721e-02	-2.981395e-02	-1.382719e-02	-1.642029e-03	-1.765004e-02	4.225914e-03	-9.260793e-05	-1.566491e-04	71.569980192	100.8
145	4.473292e-03	-2.038560e-05	-1.917242e-02	1.461813e-02	-1.900121e-02	4.534222e-03	-3.970302e-03	-2.550765e-03	85.555992126	190.9
146	-2.285255e-02	1.843881e-02	6.712349e-03	6.706001e-03	2.397282e-03	-7.952543e-03	2.017643e-03	-1.031660e-03	59.206846956	121.9
147	-3.281115e-02	1.226548e-02	5.507554e-03	2.303425e-03	6.254136e-03	-1.220587e-03	-2.370824e-04	2.955146e-03	87.4350127332	213.7
148	-3.324898e-03	3.108055e-03	2.425919e-02	1.264514e-03	1.702181e-03	-8.489908e-03	-6.197973e-03	3.261734e-03	66.8441821872	121.6
149	9.119462e-03	-1.873194e-02	-3.287129e-03	-1.089577e-02	-3.282297e-03	8.266097e-04	9.337868e-03	1.197371e-03	82.8284302164	165.5
150	-3.055527e-02	2.646447e-02	2.541059e-02	1.262252e-02	2.419627e-03	-1.531289e-03	4.157361e-03	-7.726138e-04	71.2187404236	167.5
151	-6.041980e-02	2.141079e-02	1.263877e-02	6.744602e-03	-3.043439e-03	6.848817e-03	9.249224e-03	-8.790802e-04	83.824239972	139.0
152	2.474205e-02	-2.051903e-02	1.022675e-02	-1.721141e-02	6.173967e-03	-2.509503e-03	8.633841e-03	3.358789e-03	66.7705137792	120.8
154	1.334059e-02	3.245581e-03	-2.985337e-02	4.240274e-03	1.126720e-02	-5.013797e-03	-4.250483e-03	1.330979e-03	96.2637033732	223.9
155	9.515280e-03	-1.550649e-03	1.445633e-02	1.671105e-02	1.529777e-02	-7.741210e-03	-1.440014e-03	-1.186778e-03	93.4786484874	143.4
156	2.584557e-02	3.699615e-03	4.639028e-03	7.520549e-03	-8.779190e-03	4.338309e-04	2.652582e-03	-1.167613e-03	70.3616662848	114.7
157	-1.716551e-02	-2.009594e-03	3.969772e-03	3.385267e-03	1.390467e-03	4.732502e-03	-1.169019e-02	1.768699e-03	76.6535969472	127.9
158	-3.931787e-02	5.943665e-03	2.134247e-02	-3.186501e-05	2.016656e-03	4.840913e-03	1.445043e-03	2.801043e-03	60.904293296	112.3
159	-1.243861e-02	2.049280e-03	-1.674945e-02	6.091314e-03	4.867361e-03	-3.019359e-03	5.455528e-04	1.773091e-03	66.0951771172	120.9
160	2.065500e-03	-8.398204e-03	9.083256e-03	4.954560e-03	-4.875529e-03	-3.073278e-03	-1.512537e-03	6.855314e-04	77.7581156352	133.6
161	7.714347e-03	-6.451471e-04	9.930330e-04	-4.470564e-04	9.128086e-03	-4.414928e-03	-2.642692e-03	1.502049e-03	68.73150746	120.9
162	1.855848e-02	-4.737830e-03	-1.539038e-02	-1.626071e-03	5.316361e-03	-1.182928e-02	8.108139e-03	-4.577909e-03	76.5971645356	140.6
163	1.248165e-02	1.412349e-02	1.152294e-02	-8.062317e-03	-9.394004e-03	7.525354e-03	1.638250e-03	6.741967e-03	72.3646165092	126.0
164	-1.362817e-02	1.322492e-03	-1.188644e-03	6.046383e-03	-1.698250e-03	4.517985e-03	-4.639454e-03	2.968859e-03	85.6994910453	169.3
165	-3.883193e-02	1.345608e-03	-1.341178e-02	8.295655e-03	-1.365176e-03	2.647765e-03	5.660761e-03	-5.633027e-04	85.9449902163	148.9
166	9.688301e-03	-1.290907e-02	3.105939e-02	-1.611957e-02	-5.954151e-03	-1.723957e-03	7.923553e-03	-6.030920e-03	74.2158225769	144.6
167	3.417736e-02	-5.811171e-03	-6.012243e-03	2.643644e-03	4.338141e-03	3.299151e-05	5.140841e-03	8.802889e-04	79.568823674	144.6
168	-1.872868e-02	1.700892e-02	-5.893102e-03	9.258212e-03	-4.642273e-03	2.313332e-03	3.745169e-03	4.558719e-03	78.5362403294	157.0
169	-1.392086e-02	-3.256324e-02	-2.136357e-02	-9.105492e-03	-1.852919e-02	7.248212e-03	-7.605738e-03	-3.137223e-03	71.1972064926	119.6
170	8.889116e-03	3.630585e-02	-8.623802e-03	-1.536852e-02	-3.180600e-03	-3.279103e-03	1.579850e-04	2.318759e-03	75.6277795184	183.0
171	2.878455e-02	-3.869571e-03	3.242218e-03	1.227103e-03	-5.492190e-03	2.395546e-03	3.671110e-03	-1.639642e-03	73.6150750108	125.9
172	-5.122318e-02	1.426269e-02	3.003933e-02	-6.357184e-03	4.635720e-03	2.711053e-03	2.257694e-03	3.097868e-05	84.7005866208	181.2
173	-4.026272e-02	-8.425141e-03	1.963756e-03	-2.426772e-03	-1.333334e-03	3.024403e-03	-4.264924e-03	-5.880022e-04	83.8596285708	137.8
174	3.996915e-02	-7.161811e-03	-1.940414e-02	-1.386743e-03	4.569010e-03	-1.098784e-02	9.678711e-03	-2.815766e-03	78.4389015024	176.9
177	-2.072784e-02	2.964269e-02	1.368341e-02	-1.296249e-02	2.812569e-03	-1.987447e-03	-9.498786e-03	-1.079987e-02	67.012848738	151.6
178	3.774174e-02	1.974543e-02	9.325393e-03	1.408084e-02	-1.186416e-02	-2.181002e-03	-2.242598e-04	-1.356632e-03	65.348637018	105.6
179	-2.412023e-02	5.557786e-03	3.713274e-02	7.640387e-03	-1.240128e-03	-7.913400e-03	-1.240333e-02	1.654546e-03	67.3203819654	116.0
180	3.173269e-02	-1.474583e-03	2.593244e-02	1.794693e-03	1.250594e-03	3.845510e-03	3.758491e-04	5.957973e-04	62.1777470994	104.4
181	-3.565890e-02	-1.870373e-02	-3.901249e-02	2.167437e-03	-1.751325e-02	-1.009509e-03	5.925725e-03	-9.720770e-03	81.0571985118	145.8
182	1.535707e-02	-2.800855e-02	-7.354222e-03	-2.276946e-04	1.128789e-02	1.238077e-04	-8.497587e-03	1.124884e-03	81.5987147778	145.3
184	-1.520177e-02	1.741926e-04	-2.505880e-02	4.112664e-03	4.402197e-03	-4.535539e-03	1.142013e-03	-1.716676e-03	83.5149037086	157.6
185	-2.532297e-02	2.620436e-02	7.332494e-03	1.584325e-02	7.696326e-03	9.554641e-04	2.056741e-03	1.724582e-03	79.9938997428	139.1
186	2.190846e-02	1.292670e-02	3.314987e-03	1.288716e-02	-4.555123e-03	-4.540303e-03	-2.418934e-03	-1.787787e-03	63.5159747078	106.2
187	6.914836e-02	1.469926e-03	-2.839134e-03	8.619790e-03	1.116504e-03	5.041287e-03	-4.324782e-03	9.771856e-04	74.2798978092	136.8
188	1.618530e-03	-8.616061e-03	-6.255924e-03	-4.290254e-03	-1.009379e-02	1.114255e-03	6.208118e-04	5.500652e-03	74.676289852	154.5
189	3.745245e-02	-1.731028e-02	-5.370807e-03	1.483585e-02	-2.809539e-02	-9.416375e-03	-1.437552e-03	-1.352781e-02	81.366735154	224.3
190	1.566947e-03	-1.114403e-02	7.430064e-03	-1.094324e-03	2.196885e-04	-8.476343e-03	-2.197899e-04	-2.453356e-03	71.637951378	143.0
191	-4.693870e-02	6.824707e-03	-1.662760e-02	1.300222e-02	9.890640e-03	9.465367e-03	4.559269e-03	-1.515177e-04	68.6330308818	103.7
192	-6.131250e-02	2.225377e-03	3.044042e-02	-1.701831e-02	2.059777e-04	-7.282149e-03	4.491904e-03	8.261254e-03	81.0516583296	177.0
193	8.352845e-03	8.258897e-03	3.497638e-03	5.949281e-03	-2.053549e-03	-5.253767e-03	-1.328366e-03	-4.146159e-04	88.5416397138	155.6
194	1.427241e-02	3.375723e-02	4.374604e-03	-1.589020e-02	1.249179e-02	-5.818775e-03	-9.900978e-03	-1.705555e-02	86.3029757016	210.5
195	-7.188386e-02	3.377509e-03	1.437933e-02	1.191125e-03	2.489631e-03	1.363866e-02	4.099093e-03	-7.207380e-04	78.46978692	118.4
196	-2.966558e-02	4.416808e-03	-1.546388e-02	4.963181e-03	4.128662e-03	-1.249905e-04	8.062886e-03	-3.317296e-03	81.7422493272	181.4
197	-2.234764e-02	-1.425330e-02	-7.147354e-03	-1.579558e-03	-6.502386e-03	8.813363e-04	-5.183155e-03	-3.571586e-03	77.7657159612	139.3
198	-1.253166e-02	3.070244e-04	6.327029e-03	9.383038e-03	-1.294151e-02	-2.986372e-03	-5.322304e-03	-5.540900e-03	73.8369222132	131.6
200	3.550941e-02	1.698890e-02	6.205835e-03	1.822186e-02	7.579050e-03	-3.891631e-03	-5.542119e-03	4.657215e-03	71.8997546028	132.9
201	-1.928178e-02	-1.372356e-02	7.908264e-03	-5.937980e-03	8.014762e-03	2.360362e-03	-6.244222e-03	2.857418e-03	88.8684483688	173.4
202	1.352534e-03	-1.843392e-02	1.006522e-02	-1.185254e-02	-3.834276e-03	-5.218222e-03	1.184652e-03	-2.116547e-03	78.8781439587	140.2
203	-3.000841e-02	-1.998616e-02	-1.369070e-02	-3.898888e-03	7.566393e-03	-3.972976e-03	-8.299576e-03	6.816072e-03	86.193845247	170.3
204	-1.530254e-02	-9.249574e-03	1.810009e-02	-4.471965e-03	-3.585952e-03	-3.723186e-03	4.492958e-04	1.644489e-03	72.2779821666	154.0
205	-2.541192e-02	-1.205868e-02	-7.250548e-03	-5.086949e-03	9.177555e-03	-1.178642e-02	4.450705e-04	-4.190322e-03	73.6687191696	135.5
206	-1.396155e-02	-3.563062e-04	-2.736484e-02	8.852283e-03	7.312570e-03	-6.106058e-03	2.006389e-03	3.053050e-04	84.200223492	143.6
207	-2.232108e-02	3.658105e-03	-1.079423e-02	1.658436e-02	-6.459874e-03	9.282071e-04	2.682021e-03	-6.880159e-04	81.7020678705	146.0
208	1.897656e-02	3.960914e-02	-9.342391e-03	3.720684e-03	-1.319335e-03	1.400612e-04	-7.847067e-03	2.950515e-03	53.288784318	161.6
209	-6.333675e-02	6.338091e-03	-8.448509e-03	4.875220e-03	9.122464e-03	5.284638e-03	5.047578e-03	-1.003532e-03	63.1647103395	127.0
210	-2.405568e-02	-1.812723e-02	3.298496e-02	-7.625376e-03	6.166862e-03	-2.693871e-03	-6.188207e-03	4.515319e-03	89.0152827795	174.9
211	1.381787e-02	-9.544025e-04	2.280463e-02	2.608249e-03	9.233275e-04	-9.308387e-03	-3.489496e-04	-3.975659e-04	66.780447552	124.4
212	-3.177945e-02	2.040503e-02	9.242412e-03	1.209844e-02	-1.068245e-02	6.900352e-04	4.759321e-04	2.866588e-03	59.350560996	155.5
213	2.929593e-02	-1.737941e-03	7.588109e-03	-1.220525e-03	5.045068e-03	9.181421e-04	7.932219e-03	-3.077012e-03	69.84207138	128.7
214	1.106354e-02	-1.098075e-02	9.842235e-04	2.435424e-03	-1.704570e-03	-3.756397e-03	-2.817218e-03	-1.455847e-03	78.262514664	136.0
215	2.151840e-02	8.284200e-03	-2.630369e-03	1.468022e-02	2.451873e-03	-1.600221e-03	8.443188e-04	3.029411e-03	70.877071608	163.9
216	7.922492e-02	2.226258e-02	-1.687814e-03	2.315439e-02	-7.122672e-03	1.262889e-03	-3.193762e-03	8.021044e-04	71.9276777416	161.1
217	-3.733993e-02	1.114384e-02	1.120390e-02	7.739556e-03	-2.865210e-03	-4.027354e-03	-2.051363e-03	-9.909130e-04	78.4359781072	162.8
218	-5.600231e-03	-1.286492e-02	7.177136e-03	-1.239823e-02	9.006309e-04	-1.049280e-02	3.589986e-03	-3.264739e-04	79.9457649936	158.9
219	-4.831844e-02	7.251538e-03	1.759194e-02	2.207173e-03	-5.996389e-03	-7.801566e-03	8.442869e-03	-2.140980e-03	76.1560724408	137.8
220	5.175574e-02	-5.706931e-03	4.806091e-03	8.261226e-03	-3.804529e-03	3.341493e-03	2.086604e-03	2.513737e-04	72.0717873248	128.0
221	-1.605500e-02	-2.976244e-03	9.037269e-03	6.590162e-05	9.161210e-03	-4.660198e-03	-5.803356e-03	1.192784e-03	80.059299036	212.7
222	-2.367442e-02	-5.468615e-03	-1.232232e-02	-7.873914e-03	1.667154e-02	-8.179988e-03	-3.033248e-03	1.312750e-03	84.6675439113	202.3
223	-2.245831e-02	1.405955e-02	-5.363417e-03	-1.102383e-02	-5.383823e-04	-1.835380e-03	-1.449288e-04	9.503978e-03	77.7977050128	228.9
224	-2.066475e-02	-1.651960e-02	1.069621e-02	-2.851290e-03	6.325279e-03	5.048616e-03	-1.071530e-02	1.719654e-03	69.0287341794	139.1
225	-7.967784e-03	1.248052e-02	1.517291e-02	1.366726e-03	-1.155305e-02	-2.848497e-03	2.803416e-03	-6.605399e-04	77.3318335848	164.8
226	-2.044041e-02	1.662615e-02	-1.630516e-02	-1.800314e-02	2.904086e-03	1.219678e-04	-5.426787e-03	-4.145465e-03	89.6543591282	154.7
227	-2.287468e-02	-1.173272e-02	1.765696e-02	-5.823015e-03	4.666550e-04	-5.228279e-03	-3.602424e-03	-1.507600e-04	89.9323532977	155.1
228	-3.538477e-02	1.237653e-03	1.855777e-02	-3.560495e-03	-2.786813e-03	3.734977e-03	2.351317e-03	-1.125197e-03	64.0537521125	129.9
230	-3.076008e-03	-2.360524e-02	6.690514e-03	3.111296e-03	2.905748e-03	2.243807e-03	-9.359087e-03	3.771799e-03	84.7290815366	170.2
231	1.748750e-02	-1.288851e-02	1.892491e-02	1.482445e-04	-7.361982e-03	1.561173e-04	1.043884e-03	-1.185222e-03	72.0812321561	121.0
232	-5.420510e-03	-1.131727e-02	2.096034e-02	-3.392198e-03	-6.646277e-03	-1.950352e-03	3.952058e-03	1.893385e-03	81.3294322726	201.4
233	-3.545858e-02	7.453178e-03	2.482365e-02	-5.118434e-03	-4.176862e-03	-9.814598e-03	9.528141e-04	-2.171544e-03	76.3685231678	138.6
234	-4.905916e-02	-1.929959e-03	-1.960989e-02	1.398954e-02	6.664199e-03	-3.106246e-03	5.410737e-03	-2.215056e-03	75.8373001424	123.8
235	2.128808e-02	-1.542905e-02	8.930845e-03	-1.564561e-02	-2.301644e-03	8.262355e-03	5.428364e-03	-1.679710e-03	66.7276911892	126.1
236	-1.590664e-02	2.775054e-03	9.579934e-03	-6.081906e-04	6.706566e-03	1.488069e-04	-4.959411e-03	1.722299e-03	76.1062693522	157.3
237	-1.099897e-02	-5.563651e-03	-2.217206e-02	8.261442e-03	1.982134e-03	-6.769071e-03	-2.334929e-03	-3.986610e-03	69.0866305885	99.9
238	6.193371e-03	-1.313955e-02	4.903928e-03	-2.244313e-03	-8.811860e-03	2.196349e-03	3.509534e-04	-1.493806e-03	66.500264936	116.3
239	-4.733053e-03	1.001059e-02	4.302904e-03	3.321535e-03	-8.678783e-05	-2.223474e-03	9.232087e-04	3.524717e-03	76.288391452	159.1
240	3.147764e-02	-1.963559e-02	8.943950e-03	3.331568e-03	-3.931499e-03	-3.767666e-03	-1.567582e-03	-8.947228e-04	66.1503344495	134.4
241	-6.729477e-04	-3.860097e-03	1.967092e-03	1.403590e-04	4.395611e-03	9.355844e-04	1.253241e-03	5.250219e-03	70.0538143445	126.7
242	5.248911e-03	-2.992871e-02	2.603857e-02	-1.787287e-02	3.696505e-03	1.621545e-03	4.528896e-03	-4.148762e-03	88.3160106213	177.3
243	-1.368998e-02	8.037586e-03	2.958403e-03	-1.405319e-03	1.278537e-03	5.435157e-03	-8.489285e-03	-2.190201e-03	75.5968380244	137.2
245	1.647400e-02	-4.056406e-03	3.393799e-02	2.195078e-02	3.715357e-02	1.006662e-02	6.925942e-03	3.238665e-03	80.1826886322	173.9
246	-3.896624e-02	4.450931e-03	2.189542e-02	9.633643e-03	1.743242e-02	3.916169e-03	6.812953e-03	3.614891e-03	83.9148393853	176.8
247	3.711493e-03	-8.825364e-04	1.777043e-02	5.222909e-03	-2.038789e-03	-8.142012e-03	8.145159e-04	1.097670e-03	65.094171681	116.4
248	-1.181265e-02	2.256185e-02	-2.835349e-03	9.657171e-03	-1.053885e-02	5.924330e-03	6.170395e-03	1.534567e-04	78.8570092672	156.1
249	2.570228e-02	1.660051e-02	2.132167e-02	1.071704e-02	-4.373229e-03	3.839766e-04	-7.889727e-03	3.320523e-03	57.8096731098	90.3
250	-3.414402e-03	7.150025e-03	-1.268781e-02	1.184178e-02	-4.709696e-04	-5.733696e-03	5.900541e-04	9.686092e-04	76.8882664388	131.4
251	1.317291e-02	-8.096326e-03	-3.291266e-05	6.835036e-04	-4.335487e-03	5.021991e-04	1.948135e-03	1.852504e-03	69.8703547662	111.7
252	-7.204404e-02	-1.164761e-03	5.749334e-03	5.679614e-03	8.850420e-03	7.929791e-03	6.327122e-03	-7.402038e-04	69.7711217022	105.3
253	2.080748e-02	-1.344344e-02	1.365519e-02	-6.401513e-03	5.486885e-03	-9.032302e-03	8.603629e-04	-6.757329e-04	70.1202094452	115.9
254	-1.805346e-03	4.494104e-03	-1.225742e-02	7.843046e-03	3.676796e-05	7.808277e-03	-1.481594e-03	-3.635547e-04	84.4849042668	138.5
255	3.386107e-02	-1.932608e-02	-5.850590e-03	-4.664016e-03	2.826580e-03	-4.581308e-03	8.101158e-03	-1.179993e-03	78.4058158854	133.5
256	-1.154567e-04	-1.581292e-02	1.056802e-02	-7.808169e-03	2.349460e-03	-4.183248e-04	2.861712e-03	-5.786348e-04	69.2420213241	140.7
257	-3.408801e-03	-5.707595e-04	-2.249208e-02	-2.883048e-03	3.585173e-03	-1.832430e-03	-1.644397e-03	-1.654152e-03	88.3852808427	175.2
258	1.670771e-02	9.366734e-04	-1.880011e-02	-1.035344e-02	3.381437e-03	4.670039e-03	-5.247934e-03	-1.035600e-02	83.4906210183	214.0
259	2.789603e-02	-7.008018e-03	-1.173418e-02	-2.062525e-02	1.195637e-02	4.399992e-03	1.472312e-03	-7.659055e-03	73.6549316532	130.8
260	-1.736786e-02	-7.559467e-03	-4.794533e-04	-1.158431e-02	2.001468e-03	-1.655272e-03	-5.560216e-03	-1.639755e-03	83.3511579021	165.5
261	-2.658835e-02	2.796162e-03	7.361779e-03	1.868859e-03	3.392462e-03	-2.640944e-03	4.251258e-03	-1.146319e-03	66.032126322	129.0
263	6.184368e-02	-1.367920e-03	2.043253e-03	-4.469311e-03	5.538698e-03	2.511847e-03	8.888620e-03	7.781449e-03	66.474196626	141.7
264	1.802315e-03	-2.028309e-02	-1.006513e-02	-9.077829e-03	-5.922560e-04	-1.706556e-03	-4.593248e-03	-2.578519e-03	82.776601755	183.2
265	4.018053e-04	-3.384734e-03	-6.396700e-03	-1.816419e-03	-3.781163e-03	-8.950718e-03	-3.262323e-03	-9.334588e-03	66.913787369	112.6
266	-4.922369e-03	-1.664827e-02	-4.895778e-03	-4.910760e-03	9.866805e-03	-4.639647e-03	-5.020221e-03	1.634744e-03	82.273250872	143.2
267	4.755425e-02	-8.566950e-03	3.020226e-03	2.318760e-03	3.935969e-03	4.330375e-03	5.979479e-03	-2.632987e-03	69.44862326	130.5
268	-2.656687e-02	-1.583618e-02	-1.609093e-03	-8.714818e-03	-3.171886e-03	-1.317499e-03	3.444086e-04	-1.083084e-03	79.334582415	155.2
269	5.447482e-02	-9.275304e-03	-2.537692e-03	-9.208007e-03	-3.339899e-03	6.259113e-03	1.741625e-02	-6.849235e-03	66.195461655	137.5
270	2.865758e-02	2.804291e-03	4.484874e-04	1.106924e-02	2.761774e-03	7.409229e-03	-6.361618e-03	1.800732e-03	60.261825625	86.3
271	9.842851e-03	1.662774e-02	-7.731070e-03	1.579729e-02	4.557296e-03	-7.733966e-04	-3.611626e-03	3.739712e-03	79.609557525	131.3
272	3.836463e-02	1.426111e-03	-3.083845e-03	-8.503319e-04	-2.382616e-03	-2.540927e-03	4.386840e-03	-3.471403e-03	86.074321924	145.7
273	1.747947e-02	-2.450699e-02	1.124730e-02	-5.865720e-04	2.859447e-03	-7.335820e-04	-2.211943e-03	1.029447e-03	80.3949317	186.3
274	1.961416e-02	3.615519e-02	2.434209e-02	-3.609541e-02	5.271738e-03	1.741994e-03	3.815859e-03	-1.992444e-02	60.623209516	96.1
275	-2.099344e-02	-1.300206e-04	-1.962932e-02	1.183747e-02	6.540911e-03	2.092176e-03	9.132696e-03	-2.243865e-03	77.84040906	126.3
276	-5.406645e-03	-5.176128e-03	-1.413270e-02	9.572015e-03	-1.297149e-02	7.947474e-03	-6.816497e-03	-1.670982e-03	72.509877468	106.1
277	-5.135820e-02	1.493019e-02	3.530824e-02	1.234577e-02	-8.416565e-03	-1.736863e-03	8.164251e-03	-5.826493e-03	63.3848372349	98.0
278	7.404966e-04	2.961180e-02	7.429243e-03	2.006198e-02	-2.082455e-03	7.750380e-03	-9.008071e-03	1.775157e-03	62.352903378	89.9
279	-9.206018e-03	3.751092e-03	1.405475e-02	-1.741142e-03	3.889466e-03	-5.387845e-03	-3.024913e-03	2.311777e-03	73.0326613173	147.7
280	-1.124168e-02	4.697349e-03	7.941454e-03	7.363922e-03	-5.599094e-03	-2.126122e-03	-6.907687e-04	-2.205475e-03	60.0247985892	104.8
281	8.769521e-03	-1.489560e-02	-1.285618e-02	-1.627732e-03	-4.634649e-03	-9.352618e-03	4.980799e-03	-3.650945e-03	77.9629728207	144.3
282	3.754984e-02	1.288690e-03	1.012117e-02	7.993002e-04	9.916711e-04	-9.186698e-03	7.416810e-03	7.961624e-05	78.8619546088	156.3
283	-2.801726e-04	7.696948e-03	7.126363e-03	6.714531e-03	3.175184e-03	-2.682697e-03	9.363923e-04	3.549543e-03	74.9791457576	167.1
284	-1.657089e-02	-1.854024e-02	1.861104e-02	-3.352444e-03	-1.384105e-03	-1.495815e-03	-5.080043e-03	3.281751e-03	82.9596895144	153.5
285	-3.763256e-02	-6.117209e-03	-6.171456e-04	-2.101777e-03	-3.523539e-03	6.084031e-03	3.993842e-03	9.750109e-04	81.5810519944	170.0
286	-1.054933e-02	-1.177880e-02	1.254744e-02	-2.296363e-03	-5.858578e-03	-4.103085e-03	-3.071495e-03	-6.985182e-04	73.3021569384	118.7
287	5.527225e-02	3.684543e-02	-1.507445e-03	-1.452608e-02	-1.151528e-02	-1.707004e-03	1.057382e-02	1.902317e-02	56.9923154208	100.8
288	2.618520e-02	2.958201e-03	-8.556486e-03	6.883790e-03	2.399780e-03	-7.083833e-03	1.350037e-04	-9.335133e-04	71.4682810576	119.6
289	4.848368e-02	6.514660e-03	-7.430137e-03	4.470782e-03	-6.112632e-04	1.231866e-02	1.485272e-03	7.932812e-03	85.2346335648	159.1
290	4.972693e-02	-1.953824e-02	7.007888e-03	-1.458657e-02	9.216215e-03	1.297066e-02	8.654868e-03	-6.977586e-03	73.842783108	164.5
291	-7.786198e-03	1.627930e-02	-1.840448e-02	1.557675e-02	6.729483e-03	5.215047e-03	-3.686925e-03	7.843329e-04	74.7553967872	150.0
292	2.151477e-02	-4.863022e-03	2.158369e-02	-8.904724e-03	-6.602009e-03	-2.591389e-03	5.859458e-03	-2.409698e-03	78.4268983876	184.7
293	2.829770e-02	-9.553410e-03	2.584430e-03	-5.544161e-03	-7.799022e-03	9.872181e-03	-3.796124e-04	3.878762e-04	64.0586468135	96.3
294	-2.511947e-02	5.891637e-03	-9.325104e-03	9.475132e-03	-8.111050e-04	-1.023335e-04	-1.764410e-03	-8.996426e-04	74.3407619041	137.0
295	2.588710e-02	2.786072e-03	-5.108524e-03	7.072978e-04	1.321713e-03	-7.616216e-04	-7.005222e-03	-5.791423e-04	81.7751569088	182.7
296	-1.143940e-02	7.216122e-03	-1.323078e-02	-2.757965e-02	2.397015e-03	-1.324026e-04	-2.378568e-03	-8.497737e-03	80.9565126597	175.9
297	-2.629783e-02	7.363863e-03	1.073788e-02	6.045034e-03	5.033577e-04	-2.056386e-04	-3.687410e-03	2.770141e-03	70.40115053	114.7
298	5.321102e-03	-1.164670e-02	2.189306e-02	-7.823090e-03	1.465732e-03	4.153702e-03	-2.176169e-03	4.041650e-03	78.0188164165	141.8
299	-4.940403e-03	-2.925818e-02	-2.378072e-02	8.793604e-04	-4.953514e-03	-1.582726e-03	-3.067710e-03	1.005877e-03	81.786143413	150.4
300	1.597551e-02	-5.412359e-03	1.557299e-02	2.327382e-03	-2.236495e-04	6.067576e-04	-4.268198e-03	8.603473e-04	66.9436168552	126.6
301	-4.285477e-02	-2.466593e-02	-5.645819e-03	-8.619186e-03	6.653215e-03	-5.944539e-03	1.500415e-04	-2.403225e-03	77.4486804879	218.9
302	2.428802e-02	-7.617295e-04	-7.093166e-03	2.477812e-03	-9.433359e-04	1.002064e-04	-1.891052e-05	-1.577365e-05	76.7456065197	181.6
303	-3.250731e-02	-3.567082e-03	1.480600e-02	-1.312488e-02	-6.647392e-03	-6.555624e-03	1.609299e-03	1.157062e-03	73.8106814664	140.3
304	-2.483759e-02	2.702738e-03	-1.096528e-02	8.573906e-03	1.592145e-02	4.099660e-03	-6.049253e-03	1.241224e-03	84.0393769077	165.3
305	2.922438e-02	-5.355323e-03	8.380793e-03	-2.509734e-04	1.542784e-03	-2.979975e-03	3.617757e-03	-7.135299e-04	71.1441188226	144.4
306	3.870954e-03	-4.435216e-03	-1.812184e-03	4.624953e-03	2.011003e-03	2.765199e-05	-4.183995e-04	1.552445e-03	75.6136730808	184.3
308	5.832313e-03	1.087259e-02	1.825342e-02	8.823862e-03	-7.936423e-03	5.445891e-03	1.978367e-03	1.594883e-03	69.2272705392	111.7
309	-2.253970e-02	5.953358e-03	7.771613e-03	3.816611e-03	-3.181921e-03	-4.145906e-03	1.578674e-03	8.820194e-04	76.8917335428	140.9
310	6.571915e-02	1.449359e-02	5.020257e-03	8.756569e-03	-6.183404e-03	7.244247e-03	8.639301e-03	-2.835710e-03	71.3093923404	168.5
311	6.056633e-02	3.265382e-02	1.927789e-03	-2.522214e-02	1.194491e-02	-3.246284e-03	6.274229e-03	-2.013816e-04	64.5546389472	125.2
312	-9.581531e-03	-2.596598e-02	8.882224e-04	-1.243088e-02	-1.228684e-02	-4.944952e-03	8.626669e-03	-2.205911e-03	66.9136809825	130.5
313	6.507681e-04	-2.367094e-02	-1.994241e-02	-2.457089e-03	8.218394e-03	-3.558559e-03	-5.193681e-03	5.817905e-03	86.3875515975	151.4
314	-1.101214e-02	-2.175381e-02	-2.729769e-02	-1.073980e-03	-2.910342e-03	3.611521e-03	-1.706231e-03	-1.136446e-04	88.534910335	182.4
315	2.751814e-02	5.652269e-03	-8.942131e-03	1.023383e-02	-8.571581e-03	-6.443338e-03	2.206487e-03	-2.899774e-03	67.5099138125	161.8
316	3.451975e-02	4.756884e-03	4.336129e-03	1.425874e-02	-1.237441e-02	-2.061060e-03	1.501658e-03	-7.731813e-03	67.6203797525	139.9
317	3.062580e-02	-8.865160e-04	1.202770e-02	1.272041e-03	4.838439e-03	-6.776222e-03	-2.961284e-03	3.514924e-03	74.9978570664	192.4
318	-2.998866e-03	1.758029e-02	2.765697e-03	-5.823783e-04	-4.915276e-03	5.631052e-03	-9.056551e-03	1.011236e-03	63.9197087136	175.1
319	2.121304e-02	1.717855e-02	1.250511e-02	-5.569358e-04	-8.046559e-03	6.124936e-03	-3.523818e-03	1.247556e-03	70.4101852536	145.8
320	6.595710e-02	-1.210419e-02	4.174049e-03	1.498608e-03	7.119949e-03	1.447496e-02	7.870867e-03	-3.500626e-03	66.329287	126.3
322	1.653066e-03	6.207273e-03	-1.041147e-03	8.994505e-03	-8.437533e-03	-2.899790e-03	-1.541544e-03	-1.947359e-03	77.6125664632	153.6
323	-6.190033e-02	4.644391e-03	-2.759306e-03	1.869863e-02	8.750402e-03	9.339442e-03	7.239963e-03	-1.693434e-04	77.5353760713	159.7
324	4.669427e-02	1.094815e-02	3.219548e-03	1.728115e-02	6.622224e-03	-1.048497e-02	-6.209793e-03	3.949848e-03	72.3312583154	164.5
325	-2.368906e-02	1.320207e-02	-1.283204e-02	1.449157e-02	-3.471472e-03	3.624935e-03	-3.720618e-03	2.766836e-03	81.8101744509	143.2
326	5.372164e-02	-1.726934e-02	-1.097486e-02	-1.560822e-02	7.776218e-03	1.667451e-02	-3.971639e-03	-1.361035e-03	69.4297442216	99.8
327	2.143249e-02	2.587530e-02	-1.217179e-02	1.497721e-02	9.049399e-03	-1.076277e-02	1.259191e-03	-1.827974e-03	74.2008635319	168.1
328	-2.417269e-04	2.173891e-02	7.504760e-04	2.078388e-02	-7.249197e-03	7.816520e-04	1.603523e-03	1.096578e-04	58.8717979488	89.4
329	2.189551e-02	5.033151e-03	-2.541898e-02	1.048857e-02	1.374332e-03	-7.428277e-03	6.740613e-03	1.481321e-04	74.953827552	163.2
330	3.917072e-02	5.114920e-03	-5.785391e-03	7.313270e-03	6.459192e-03	2.376492e-03	-4.940430e-03	3.951417e-03	70.5031888032	130.9
331	1.939681e-02	3.953355e-03	6.971075e-03	-1.809642e-03	-3.600499e-03	-1.483593e-03	2.577591e-03	-7.384894e-04	75.2340121824	149.2
332	2.746397e-02	1.517480e-02	-1.090191e-02	-6.160671e-03	1.675755e-02	-1.704062e-03	-5.227201e-03	-6.710099e-04	72.3458732736	149.6
333	-2.255183e-02	-1.747790e-02	-1.883173e-02	1.906520e-03	-1.616901e-02	-1.283308e-03	-4.611481e-03	-2.454892e-03	74.676752091	159.2
334	4.769696e-02	1.040429e-02	-9.149500e-03	-1.688555e-02	5.949326e-04	-1.942165e-03	1.638015e-02	7.133813e-03	69.202724976	155.3
335	-1.614988e-02	1.918302e-03	-1.719457e-02	1.036521e-02	4.053979e-04	1.274126e-03	2.766529e-03	-3.910678e-03	74.089605717	118.9
336	3.138386e-02	1.318684e-02	-9.903333e-04	1.228500e-02	-2.639070e-03	-2.257383e-03	-2.083838e-04	7.024883e-04	81.365345532	165.6
337	3.824808e-02	2.283894e-02	8.213811e-03	1.674224e-02	-2.906092e-03	-4.758032e-03	-3.051877e-03	2.640063e-03	78.132154428	142.1
338	-4.285546e-03	-1.904100e-02	-3.197949e-03	-1.464623e-03	-5.778755e-03	-5.197467e-03	-4.482981e-03	-2.767052e-03	80.7142511314	144.7
339	2.619816e-03	1.291617e-03	-4.914857e-03	-1.386311e-02	-3.754557e-03	-7.474648e-03	1.719390e-03	1.483076e-02	74.2568417016	133.6
340	-2.575516e-02	1.113186e-03	-2.192173e-02	-1.196902e-02	5.161763e-03	6.818242e-03	-7.905641e-03	-8.262059e-03	80.9141292346	152.5
341	1.071404e-02	-2.043652e-02	-3.597680e-03	1.720746e-03	-9.411507e-03	3.115660e-03	-1.112643e-02	-1.317520e-03	80.286143421	169.8
342	2.881981e-02	5.490217e-03	3.713469e-03	4.486172e-04	-2.199160e-03	-5.763723e-03	3.890278e-03	-4.312722e-03	64.3270818194	159.5
343	-3.127919e-02	3.646982e-03	-1.128447e-02	-3.551248e-02	-1.591602e-02	2.335314e-03	2.191150e-03	3.542287e-02	82.3567213703	139.7
344	7.325043e-03	-1.261636e-02	5.454400e-03	-8.470788e-03	-9.267125e-03	1.413712e-03	4.538583e-03	1.377421e-03	81.2331378248	139.5
345	1.907313e-02	-8.183367e-03	-1.788552e-02	-1.450281e-03	7.050760e-03	-3.497465e-03	-9.434887e-05	2.117991e-04	72.2047091584	135.9
346	-2.380114e-02	-1.342393e-02	-2.422938e-03	-1.288858e-02	1.322152e-03	4.282768e-03	-1.442278e-03	-1.499411e-03	80.841214844	123.6
348	1.491648e-02	4.121136e-03	-4.982482e-03	-1.241087e-03	1.097107e-02	-2.768328e-03	-7.957162e-03	-3.138329e-03	72.5345066667	159.3
349	3.043495e-02	4.761922e-03	2.190297e-02	4.129213e-03	-1.684947e-02	-5.024339e-03	2.551556e-03	-2.197420e-03	73.4220182983	138.6
350	-4.936542e-02	1.363396e-02	-3.004262e-03	1.229107e-02	1.020507e-02	1.375894e-02	6.739400e-03	-2.828974e-03	58.8889367626	89.5
351	1.904756e-03	8.449649e-03	3.702390e-03	2.998767e-03	2.461738e-03	-2.526286e-03	-2.849559e-03	3.286660e-03	69.295767084	164.4
352	1.756960e-02	1.492650e-03	2.018855e-02	-2.863649e-03	3.474517e-03	-5.575431e-03	5.442056e-03	1.773721e-03	66.929792805	147.6
353	-2.564954e-02	-7.412704e-03	7.801833e-03	5.193874e-03	-1.638468e-03	2.486014e-03	-5.361972e-03	1.350577e-03	78.075382122	152.6
354	1.132865e-02	2.759814e-03	5.340608e-03	1.001656e-03	-1.670726e-03	-5.372056e-03	4.329915e-04	-1.442101e-03	73.59747417	116.9
355	7.077530e-03	1.349764e-02	-7.392559e-03	6.426507e-03	-9.462292e-03	1.037390e-02	4.145247e-03	-1.497151e-03	77.380485534	142.9
356	-1.923490e-02	1.639733e-03	-1.623322e-02	1.679259e-04	9.308675e-03	5.624267e-04	-2.980882e-04	2.132263e-03	64.34954119	158.4
357	-3.256635e-03	2.299414e-02	1.398221e-02	8.559574e-03	-2.984615e-03	-5.874290e-03	-4.453750e-03	1.098794e-03	71.4373577236	146.8
358	-6.030744e-02	5.120748e-03	2.141939e-03	8.599935e-03	7.374804e-03	4.583666e-03	1.238702e-02	-9.181848e-04	78.9818598228	158.6
359	-1.014655e-02	1.032235e-03	1.583777e-02	-6.211544e-03	-1.314079e-02	-1.475204e-03	4.755592e-03	-1.977060e-03	82.4727473196	138.6
360	-1.484255e-02	1.328858e-02	-3.008970e-02	2.597671e-02	-4.693929e-03	-2.187194e-03	7.532645e-03	-1.014171e-02	63.6959718318	124.7
361	-1.620006e-03	8.894127e-03	-1.180524e-02	7.656126e-03	7.525704e-03	-1.085985e-02	1.281790e-03	4.616009e-04	80.24586242	144.6
363	3.460765e-02	1.487572e-04	-7.768443e-03	1.990827e-03	-5.314186e-03	-3.912958e-03	9.292245e-03	-3.245205e-04	72.1738854968	156.7
364	-3.250148e-03	-7.840900e-03	-9.371274e-04	-2.521167e-03	-3.977183e-03	2.700201e-03	-2.290251e-03	4.229445e-03	68.1177383126	123.3
365	-1.587493e-02	-9.629875e-04	1.235647e-03	-6.897953e-03	6.973540e-03	2.609739e-04	1.789676e-03	4.496766e-03	72.8628186832	151.7
366	1.588942e-02	-8.427019e-03	5.372788e-03	4.345244e-03	3.962358e-03	-9.739513e-03	-3.283401e-03	3.301603e-04	79.8264195252	123.9
367	-6.176604e-03	7.402273e-03	2.649972e-03	1.041687e-02	-1.606099e-03	2.502592e-03	-7.484324e-03	5.668741e-04	69.2905573676	99.2
368	3.858597e-02	-1.574219e-02	-2.858758e-03	-2.682841e-03	7.911955e-03	1.015824e-03	1.372370e-03	-2.270614e-03	76.2971144211	137.7
369	2.169412e-03	7.759045e-03	1.014899e-02	5.608099e-03	8.885121e-03	-3.140846e-03	4.348255e-03	4.843908e-03	88.303460158	155.6
370	2.503098e-02	2.515453e-02	-4.229394e-04	2.009366e-02	-1.781579e-03	-4.771367e-03	-2.084965e-03	2.138055e-03	80.267202383	139.6
371	-4.156778e-04	-1.659681e-02	1.340765e-02	-5.850243e-03	-3.226720e-04	-3.299052e-03	1.014112e-03	-2.382931e-03	74.5369090368	170.4
